1000, 3, 5, 0.05, 0.749, 0.91, 0.702, 0.00153303146362305, K-Means
1000, 3, 5, 0.05, 0.875, 0.957, 0.409, 0.409991979598999, Model Based
1000, 3, 5, 0.05, 0.831, 0.941, 0.511, 2.61544704437256, Spectral
1000, 3, 5, 0.05, 0.371, 0.654, 1.066, 1.18578886985779, DBSCAN
1000, 3, 5, 0.05, 0.635, 0.914, 0.686, 4.44145798683167, FCM
2000, 3, 5, 0.05, 0.41, 0.558, 0.955, 0.00205898284912109, K-Means
2000, 3, 5, 0.05, 0.848, 0.946, 0.42, 2.61753988265991, Model Based
2000, 3, 5, 0.05, 0.774, 0.915, 0.572, 21.7406718730927, Spectral
2000, 3, 5, 0.05, 0.507, 0.707, 0.94, 3.02424597740173, DBSCAN
2000, 3, 5, 0.05, 0.703, 0.894, 0.673, 4.71217679977417, FCM
3000, 3, 5, 0.05, 0.774, 0.918, 0.62, 0.00218391418457031, K-Means
3000, 3, 5, 0.05, 0.851, 0.948, 0.456, 2.57570600509644, Model Based
3000, 3, 5, 0.05, 0.803, 0.93, 0.567, 1.20549368063609, Spectral
3000, 3, 5, 0.05, 0.525, 0.819, 0.972, 5.43519186973572, DBSCAN
3000, 3, 5, 0.05, 0.713, 0.92, 0.612, 5.75676083564758, FCM
4000, 3, 5, 0.05, 0.739, 0.899, 0.642, 0.00291895866394043, K-Means
4000, 3, 5, 0.05, 0.867, 0.953, 0.395, 2.63821816444397, Model Based
4000, 3, 5, 0.05, 0.78, 0.918, 0.564, 2.80656116803487, Spectral
4000, 3, 5, 0.05, 0.368, 0.671, 1.196, 8.362056016922, DBSCAN
4000, 3, 5, 0.05, 0.685, 0.901, 0.647, 7.79242396354675, FCM
5000, 3, 5, 0.05, 0.788, 0.925, 0.626, 0.00473213195800781, K-Means
5000, 3, 5, 0.05, 0.862, 0.952, 0.447, 2.66355013847351, Model Based
5000, 3, 5, 0.05, 0.845, 0.946, 0.489, 5.44365336497625, Spectral
5000, 3, 5, 0.05, 0.231, 0.661, 1.226, 13.5331590175629, DBSCAN
5000, 3, 5, 0.05, 0.664, 0.929, 0.601, 17.2913701534271, FCM
6000, 3, 5, 0.05, 0.677, 0.874, 0.77, 0.0060579776763916, K-Means
6000, 3, 5, 0.05, 0.866, 0.953, 0.405, 2.7949230670929, Model Based
6000, 3, 5, 0.05, 0.718, 0.891, 0.624, 9.36998094717662, Spectral
6000, 3, 5, 0.05, 0.364, 0.667, 1.249, 21.8450689315796, DBSCAN
6000, 3, 5, 0.05, 0.657, 0.875, 0.772, 21.8540639877319, FCM
7000, 3, 5, 0.05, 0.739, 0.903, 0.702, 0.00669503211975098, K-Means
7000, 3, 5, 0.05, 0.866, 0.953, 0.407, 2.73766708374023, Model Based
7000, 3, 5, 0.05, 0.81, 0.932, 0.538, 14.847447347641, Spectral
7000, 3, 5, 0.05, 0.293, 0.639, 1.358, 26.0334980487823, DBSCAN
7000, 3, 5, 0.05, 0.678, 0.898, 0.729, 27.7904460430145, FCM
8000, 3, 5, 0.05, 0.73, 0.898, 0.64, 0.00556111335754395, K-Means
8000, 3, 5, 0.05, 0.858, 0.95, 0.409, 2.71715307235718, Model Based
8000, 3, 5, 0.05, 0.763, 0.911, 0.563, 22.0987539847692, Spectral
8000, 3, 5, 0.05, 0.421, 0.598, 0.946, 32.3303728103638, DBSCAN
8000, 3, 5, 0.05, 0.687, 0.903, 0.641, 19.9704639911652, FCM
9000, 3, 5, 0.05, 0.755, 0.904, 0.462, 0.00976300239562988, K-Means
9000, 3, 5, 0.05, 0.867, 0.953, 0.345, 2.81730198860168, Model Based
9000, 3, 5, 0.05, 0.75, 0.901, 0.456, 31.4390037973722, Spectral
9000, 3, 5, 0.05, 0.54, 0.679, 0.724, 35.8504259586334, DBSCAN
9000, 3, 5, 0.05, 0.726, 0.926, 0.422, 25.9132149219513, FCM
10000, 3, 5, 0.05, 0.746, 0.909, 0.71, 0.0068669319152832, K-Means
10000, 3, 5, 0.05, 0.847, 0.947, 0.484, 2.82927918434143, Model Based
10000, 3, 5, 0.05, 0.821, 0.938, 0.531, 43.0203887502352, Spectral
10000, 3, 5, 0.05, 0.135, 0.44, 1.422, 48.6192800998688, DBSCAN
10000, 3, 5, 0.05, 0.666, 0.909, 0.712, 37.6790790557861, FCM
11000, 3, 5, 0.05, 0.762, 0.914, 0.643, 0.00728201866149902, K-Means
11000, 3, 5, 0.05, 0.854, 0.949, 0.453, 2.99570894241333, Model Based
11000, 3, 5, 0.05, 0.825, 0.939, 0.515, 57.2483745495478, Spectral
11000, 3, 5, 0.05, 0.156, 0.507, 1.413, 55.7458009719849, DBSCAN
11000, 3, 5, 0.05, 0.675, 0.911, 0.667, 37.7814218997955, FCM
12000, 3, 5, 0.05, 0.801, 0.929, 0.566, 0.0092780590057373, K-Means
12000, 3, 5, 0.05, 0.862, 0.952, 0.41, 2.7371621131897, Model Based
12000, 3, 5, 0.05, 0.84, 0.943, 0.465, 1.23796395805147, Spectral
12000, 3, 5, 0.05, 0.288, 0.651, 1.356, 58.5226979255676, DBSCAN
12000, 3, 5, 0.05, 0.685, 0.927, 0.578, 35.5756509304047, FCM
13000, 3, 5, 0.05, 0.71, 0.886, 0.658, 0.0084388256072998, K-Means
13000, 3, 5, 0.05, 0.865, 0.952, 0.388, 3.12154412269592, Model Based
13000, 3, 5, 0.05, 0.749, 0.904, 0.558, 1.58326038195027, Spectral
13000, 3, 5, 0.05, 0.291, 0.595, 1.345, 1.28600076834361, DBSCAN
13000, 3, 5, 0.05, 0.678, 0.893, 0.668, 40.0095701217651, FCM
14000, 3, 5, 0.05, 0.797, 0.928, 0.584, 0.0190961360931396, K-Means
14000, 3, 5, 0.05, 0.868, 0.954, 0.422, 2.96923804283142, Model Based
14000, 3, 5, 0.05, 0.843, 0.945, 0.477, 1.96861022392909, Spectral
14000, 3, 5, 0.05, 0.1, 0.496, 1.569, 1.27149350245794, DBSCAN
14000, 3, 5, 0.05, 0.688, 0.925, 0.599, 33.9368410110474, FCM
15000, 3, 5, 0.05, 0.784, 0.924, 0.63, 0.0128979682922363, K-Means
15000, 3, 5, 0.05, 0.868, 0.955, 0.424, 2.93349099159241, Model Based
15000, 3, 5, 0.05, 0.82, 0.937, 0.529, 2.37468952053123, Spectral
15000, 3, 5, 0.05, 0.111, 0.544, 1.333, 2.04575049877167, DBSCAN
15000, 3, 5, 0.05, 0.683, 0.923, 0.643, 44.4999220371246, FCM
16000, 3, 5, 0.05, 0.704, 0.889, 0.757, 0.0181961059570312, K-Means
16000, 3, 5, 0.05, 0.862, 0.952, 0.429, 2.88144302368164, Model Based
16000, 3, 5, 0.05, 0.808, 0.932, 0.556, 2.88277707503902, Spectral
16000, 3, 5, 0.05, 0.369, 0.735, 1.262, 1.66489033301671, DBSCAN
16000, 3, 5, 0.05, 0.663, 0.893, 0.76, 56.9925770759583, FCM
17000, 3, 5, 0.05, 0.788, 0.925, 0.595, 0.0109570026397705, K-Means
17000, 3, 5, 0.05, 0.87, 0.955, 0.419, 2.98993682861328, Model Based
17000, 3, 5, 0.05, 0.818, 0.937, 0.508, 3.46800033503109, Spectral
17000, 3, 5, 0.05, 0.117, 0.389, 1.424, 3.15358639955521, DBSCAN
17000, 3, 5, 0.05, 0.675, 0.925, 0.606, 55.1576390266418, FCM
18000, 3, 5, 0.05, 0.726, 0.891, 0.567, 0.0133349895477295, K-Means
18000, 3, 5, 0.05, 0.855, 0.948, 0.387, 3.18429708480835, Model Based
18000, 3, 5, 0.05, 0.76, 0.907, 0.504, 4.14674754003684, Spectral
18000, 3, 5, 0.05, 0.504, 0.677, 0.828, 2.69652901490529, DBSCAN
18000, 3, 5, 0.05, 0.718, 0.897, 0.579, 50.5805809497833, FCM
19000, 3, 5, 0.05, 0.778, 0.921, 0.607, 0.0272500514984131, K-Means
19000, 3, 5, 0.05, 0.85, 0.948, 0.449, 3.47964906692505, Model Based
19000, 3, 5, 0.05, 0.803, 0.931, 0.531, 4.89819647861852, Spectral
19000, 3, 5, 0.05, 0.052, 0.389, 1.711, 2.60391430060069, DBSCAN
19000, 3, 5, 0.05, 0.664, 0.912, 0.655, 1.07238879998525, FCM
20000, 3, 5, 0.05, 0.798, 0.925, 0.524, 0.0266661643981934, K-Means
20000, 3, 5, 0.05, 0.856, 0.949, 0.392, 3.65651392936707, Model Based
20000, 3, 5, 0.05, 0.821, 0.935, 0.451, 5.73215965833929, Spectral
20000, 3, 5, 0.05, 0.51, 0.69, 0.827, 2.9762012998263, DBSCAN
20000, 3, 5, 0.05, 0.708, 0.924, 0.531, 1.36906834840775, FCM
21000, 3, 5, 0.05, 0.749, 0.905, 0.632, 0.0161027908325195, K-Means
21000, 3, 5, 0.05, 0.858, 0.95, 0.409, 3.09543895721436, Model Based
21000, 3, 5, 0.05, 0.811, 0.931, 0.511, 6.64600023441845, Spectral
21000, 3, 5, 0.05, 0.291, 0.529, 1.296, 3.06175371408463, DBSCAN
21000, 3, 5, 0.05, 0.677, 0.906, 0.636, 1.14218565225601, FCM
22000, 3, 5, 0.05, 0.75, 0.906, 0.566, 0.0306777954101562, K-Means
22000, 3, 5, 0.05, 0.86, 0.951, 0.399, 3.66713786125183, Model Based
22000, 3, 5, 0.05, 0.742, 0.902, 0.541, 7.67580269919501, Spectral
22000, 3, 5, 0.05, 0.338, 0.578, 1.239, 3.517045601209, DBSCAN
22000, 3, 5, 0.05, 0.664, 0.915, 0.562, 1.20522445042928, FCM
23000, 3, 5, 0.05, 0.788, 0.923, 0.572, 0.0446431636810303, K-Means
23000, 3, 5, 0.05, 0.865, 0.952, 0.391, 3.73761200904846, Model Based
23000, 3, 5, 0.05, 0.826, 0.937, 0.474, 8.79399881501993, Spectral
23000, 3, 5, 0.05, 0.443, 0.662, 1.105, 3.45402486721675, DBSCAN
23000, 3, 5, 0.05, 0.689, 0.921, 0.579, 1.54115383227666, FCM
24000, 3, 5, 0.05, 0.736, 0.902, 0.668, 0.0322239398956299, K-Means
24000, 3, 5, 0.05, 0.863, 0.952, 0.417, 3.3425760269165, Model Based
24000, 3, 5, 0.05, 0.784, 0.921, 0.563, 10.0046354522308, Spectral
24000, 3, 5, 0.05, 0.179, 0.465, 1.476, 3.99651248057683, DBSCAN
24000, 3, 5, 0.05, 0.691, 0.904, 0.67, 1.14859131574631, FCM
25000, 3, 5, 0.05, 0.718, 0.897, 0.726, 0.0357191562652588, K-Means
25000, 3, 5, 0.05, 0.859, 0.951, 0.44, 3.28241515159607, Model Based
